(10, 10)
(10, 11)
(10, 110)
(10, 112)
(10, 12)
(10, 13)
(10, 14)
(10, 15)
(10, 16)
(10, 17)
(10, 18)
(10, 19)
(10, 2)
(10, 20)
(10, 21)
(10, 22)
(10, 23)
(10, 24)
(10, 25)
(10, 26)
(10, 27)
(10, 28)
(10, 29)
(10, 3)
(10, 30)
(10, 31)
(10, 32)
(10, 4)
(10, 5)
(10, 6)
(10, 7)
(10, 76)
(10, 8)
(10, 9)
(100, 1)
(100, 10)
(100, 114)
(100, 14)
(100, 19)
(100, 28)
(100, 36)
(100, 44)
(100, 46)
(100, 5)
(100, 51)
(100, 53)
(100, 62)
(100, 64)
(100, 87)
(100, 88)
(100, 95)
(100, 99)
(101, 1)
(101, 10)
(101, 114)
(101, 14)
(101, 19)
(101, 28)
(101, 36)
(101, 44)
(101, 46)
(101, 5)
(101, 51)
(101, 53)
(101, 62)
(101, 64)
(101, 65)
(101, 66)
(101, 67)
(101, 68)
(101, 69)
(101, 70)
(101, 71)
(101, 72)
(101, 73)
(101, 74)
(101, 75)
(101, 76)
(101, 77)
(101, 78)
(101, 79)
(101, 80)
(101, 81)
(101, 82)
(101, 83)
(101, 84)
(101, 85)
(101, 86)
(101, 87)
(101, 88)
(101, 89)
(101, 90)
(101, 95)
(101, 99)
(102, 1)
(102, 10)
(102, 114)
(102, 14)
(102, 19)
(102, 28)
(102, 36)
(102, 44)
(102, 46)
(102, 5)
(102, 51)
(102, 53)
(102, 62)
(102, 64)
(102, 65)
(102, 87)
(102, 88)
(102, 90)
(102, 95)
(102, 99)
(103, 1)
(103, 10)
(103, 114)
(103, 14)
(103, 19)
(103, 20)
(103, 21)
(103, 22)
(103, 23)
(103, 24)
(103, 25)
(103, 26)
(103, 27)
(103, 28)
(103, 29)
(103, 30)
(103, 31)
(103, 32)
(103, 33)
(103, 34)
(103, 35)
(103, 36)
(103, 37)
(103, 38)
(103, 39)
(103, 40)
(103, 41)
(103, 42)
(103, 43)
(103, 44)
(103, 45)
(103, 46)
(103, 47)
(103, 48)
(103, 49)
(103, 5)
(103, 50)
(103, 51)
(103, 52)
(103, 53)
(103, 54)
(103, 55)
(103, 56)
(103, 57)
(103, 58)
(103, 59)
(103, 60)
(103, 61)
(103, 62)
(103, 63)
(103, 64)
(103, 65)
(103, 87)
(103, 88)
(103, 90)
(103, 95)
(103, 99)
(104, 1)
(104, 10)
(104, 114)
(104, 14)
(104, 28)
(104, 36)
(104, 44)
(104, 46)
(104, 5)
(104, 51)
(104, 53)
(104, 62)
(104, 65)
(104, 87)
(104, 88)
(104, 90)
(104, 95)
(104, 99)
(105, 1)
(105, 10)
(105, 100)
(105, 101)
(105, 102)
(105, 103)
(105, 104)
(105, 105)
(105, 106)
(105, 107)
(105, 108)
(105, 109)
(105, 110)
(105, 111)
(105, 112)
(105, 113)
(105, 114)
(105, 14)
(105, 28)
(105, 36)
(105, 44)
(105, 46)
(105, 5)
(105, 51)
(105, 53)
(105, 54)
(105, 55)
(105, 56)
(105, 57)
(105, 58)
(105, 59)
(105, 60)
(105, 61)
(105, 62)
(105, 63)
(105, 64)
(105, 65)
(105, 66)
(105, 67)
(105, 68)
(105, 69)
(105, 70)
(105, 71)
(105, 72)
(105, 73)
(105, 74)
(105, 75)
(105, 76)
(105, 77)
(105, 78)
(105, 79)
(105, 80)
(105, 81)
(105, 82)
(105, 83)
(105, 84)
(105, 85)
(105, 86)
(105, 87)
(105, 88)
(105, 89)
(105, 90)
(105, 91)
(105, 92)
(105, 93)
(105, 94)
(105, 95)
(105, 96)
(105, 97)
(105, 98)
(105, 99)
(106, 1)
(106, 10)
(106, 14)
(106, 16)
(106, 17)
(106, 18)
(106, 19)
(106, 20)
(106, 21)
(106, 22)
(106, 23)
(106, 24)
(106, 25)
(106, 26)
(106, 27)
(106, 28)
(106, 29)
(106, 30)
(106, 31)
(106, 32)
(106, 33)
(106, 34)
(106, 35)
(106, 36)
(106, 37)
(106, 38)
(106, 39)
(106, 44)
(106, 46)
(106, 5)
(106, 51)
(106, 62)
(106, 65)
(106, 87)
(106, 88)
(106, 90)
(106, 95)
(106, 99)
(107, 1)
(107, 10)
(107, 14)
(107, 16)
(107, 28)
(107, 36)
(107, 37)
(107, 38)
(107, 39)
(107, 40)
(107, 41)
(107, 42)
(107, 43)
(107, 44)
(107, 45)
(107, 46)
(107, 47)
(107, 48)
(107, 49)
(107, 5)
(107, 50)
(107, 51)
(107, 52)
(107, 53)
(107, 54)
(107, 55)
(107, 56)
(107, 57)
(107, 58)
(107, 59)
(107, 60)
(107, 61)
(107, 62)
(107, 63)
(107, 64)
(107, 65)
(107, 66)
(107, 67)
(107, 68)
(107, 69)
(107, 70)
(107, 71)
(107, 72)
(107, 73)
(107, 74)
(107, 75)
(107, 76)
(107, 77)
(107, 78)
(107, 79)
(107, 80)
(107, 81)
(107, 82)
(107, 83)
(107, 84)
(107, 85)
(107, 86)
(107, 87)
(107, 88)
(107, 90)
(107, 95)
(107, 99)
(108, 1)
(108, 10)
(108, 14)
(108, 16)
(108, 28)
(108, 39)
(108, 44)
(108, 46)
(108, 5)
(108, 51)
(108, 62)
(108, 65)
(108, 88)
(108, 90)
(108, 95)
(108, 99)
(109, 1)
(109, 10)
(109, 11)
(109, 12)
(109, 13)
(109, 14)
(109, 15)
(109, 16)
(109, 17)
(109, 18)
(109, 19)
(109, 20)
(109, 21)
(109, 22)
(109, 23)
(109, 24)
(109, 25)
(109, 26)
(109, 27)
(109, 28)
(109, 29)
(109, 30)
(109, 31)
(109, 32)
(109, 33)
(109, 34)
(109, 35)
(109, 36)
(109, 37)
(109, 38)
(109, 39)
(109, 44)
(109, 46)
(109, 5)
(109, 51)
(109, 6)
(109, 62)
(109, 65)
(109, 7)
(109, 8)
(109, 88)
(109, 9)
(109, 90)
(109, 95)
(109, 99)
(11, 110)
(11, 112)
(11, 2)
(11, 22)
(11, 32)
(11, 76)
(110, 1)
(110, 10)
(110, 14)
(110, 16)
(110, 28)
(110, 44)
(110, 45)
(110, 46)
(110, 47)
(110, 48)
(110, 49)
(110, 50)
(110, 51)
(110, 52)
(110, 53)
(110, 54)
(110, 55)
(110, 56)
(110, 57)
(110, 58)
(110, 59)
(110, 60)
(110, 61)
(110, 62)
(110, 63)
(110, 64)
(110, 65)
(110, 66)
(110, 67)
(110, 68)
(110, 69)
(110, 70)
(110, 71)
(110, 72)
(110, 73)
(110, 74)
(110, 75)
(110, 76)
(110, 77)
(110, 78)
(110, 79)
(110, 80)
(110, 81)
(110, 82)
(110, 83)
(110, 84)
(110, 85)
(110, 86)
(110, 87)
(110, 88)
(110, 89)
(110, 90)
(110, 91)
(110, 92)
(110, 93)
(110, 94)
(110, 95)
(110, 99)
(111, 1)
(111, 10)
(111, 14)
(111, 16)
(111, 28)
(111, 35)
(111, 36)
(111, 37)
(111, 38)
(111, 46)
(111, 51)
(111, 62)
(111, 65)
(111, 88)
(111, 90)
(111, 99)
(112, 1)
(112, 10)
(112, 14)
(112, 16)
(112, 28)
(112, 35)
(112, 38)
(112, 46)
(112, 49)
(112, 50)
(112, 51)
(112, 52)
(112, 53)
(112, 54)
(112, 55)
(112, 56)
(112, 57)
(112, 58)
(112, 59)
(112, 60)
(112, 61)
(112, 62)
(112, 63)
(112, 64)
(112, 65)
(112, 66)
(112, 67)
(112, 68)
(112, 69)
(112, 70)
(112, 71)
(112, 72)
(112, 73)
(112, 74)
(112, 75)
(112, 76)
(112, 77)
(112, 78)
(112, 79)
(112, 80)
(112, 81)
(112, 82)
(112, 83)
(112, 84)
(112, 85)
(112, 86)
(112, 88)
(112, 90)
(112, 99)
(113, 1)
(113, 10)
(113, 14)
(113, 16)
(113, 28)
(113, 35)
(113, 38)
(113, 46)
(113, 49)
(113, 51)
(113, 62)
(113, 65)
(113, 86)
(113, 88)
(113, 90)
(113, 99)
(114, 1)
(114, 10)
(114, 14)
(114, 16)
(114, 28)
(114, 35)
(114, 38)
(114, 46)
(114, 49)
(114, 51)
(114, 62)
(114, 65)
(114, 86)
(114, 88)
(114, 90)
(114, 99)
(115, 1)
(115, 10)
(115, 14)
(115, 16)
(115, 28)
(115, 35)
(115, 38)
(115, 46)
(115, 49)
(115, 51)
(115, 62)
(115, 65)
(115, 86)
(115, 88)
(115, 90)
(115, 99)
(116, 1)
(116, 10)
(116, 14)
(116, 16)
(116, 28)
(116, 35)
(116, 38)
(116, 46)
(116, 49)
(116, 51)
(116, 62)
(116, 65)
(116, 66)
(116, 67)
(116, 68)
(116, 69)
(116, 70)
(116, 71)
(116, 72)
(116, 73)
(116, 74)
(116, 75)
(116, 76)
(116, 77)
(116, 78)
(116, 79)
(116, 80)
(116, 81)
(116, 82)
(116, 83)
(116, 84)
(116, 85)
(116, 86)
(116, 87)
(116, 88)
(116, 89)
(116, 90)
(116, 91)
(116, 92)
(116, 93)
(116, 94)
(116, 95)
(116, 96)
(116, 97)
(116, 98)
(116, 99)
(117, 1)
(117, 10)
(117, 14)
(117, 16)
(117, 28)
(117, 35)
(117, 38)
(117, 46)
(117, 49)
(117, 51)
(117, 62)
(117, 86)
(117, 88)
(117, 90)
(118, 1)
(118, 10)
(118, 14)
(118, 15)
(118, 16)
(118, 17)
(118, 18)
(118, 19)
(118, 20)
(118, 21)
(118, 22)
(118, 23)
(118, 24)
(118, 25)
(118, 26)
(118, 27)
(118, 28)
(118, 29)
(118, 30)
(118, 31)
(118, 32)
(118, 33)
(118, 34)
(118, 35)
(118, 36)
(118, 37)
(118, 38)
(118, 39)
(118, 40)
(118, 41)
(118, 42)
(118, 43)
(118, 44)
(118, 45)
(118, 46)
(118, 47)
(118, 48)
(118, 49)
(118, 50)
(118, 51)
(118, 52)
(118, 53)
(118, 54)
(118, 55)
(118, 56)
(118, 57)
(118, 58)
(118, 59)
(118, 60)
(118, 61)
(118, 62)
(118, 86)
(118, 88)
(118, 90)
(119, 1)
(119, 10)
(119, 16)
(119, 28)
(119, 35)
(119, 38)
(119, 46)
(119, 49)
(119, 51)
(119, 86)
(119, 88)
(119, 90)
(12, 100)
(12, 101)
(12, 102)
(12, 103)
(12, 104)
(12, 105)
(12, 106)
(12, 107)
(12, 108)
(12, 109)
(12, 110)
(12, 111)
(12, 112)
(12, 113)
(12, 114)
(12, 115)
(12, 116)
(12, 117)
(12, 118)
(12, 119)
(12, 120)
(12, 121)
(12, 122)
(12, 123)
(12, 124)
(12, 125)
(12, 126)
(12, 127)
(12, 2)
(12, 22)
(12, 32)
(12, 76)
(12, 93)
(12, 94)
(12, 95)
(12, 96)
(12, 97)
(12, 98)
(12, 99)
(120, 1)
(120, 10)
(120, 16)
(120, 28)
(120, 29)
(120, 30)
(120, 31)
(120, 32)
(120, 33)
(120, 34)
(120, 35)
(120, 36)
(120, 37)
(120, 38)
(120, 39)
(120, 40)
(120, 41)
(120, 42)
(120, 43)
(120, 44)
(120, 45)
(120, 46)
(120, 47)
(120, 48)
(120, 49)
(120, 50)
(120, 51)
(120, 86)
(120, 88)
(120, 90)
(121, 1)
(121, 10)
(121, 16)
(121, 2)
(121, 3)
(121, 35)
(121, 38)
(121, 4)
(121, 46)
(121, 49)
(121, 5)
(121, 6)
(121, 7)
(121, 8)
(121, 86)
(121, 88)
(121, 9)
(121, 90)
(122, 16)
(122, 17)
(122, 18)
(122, 19)
(122, 20)
(122, 21)
(122, 22)
(122, 23)
(122, 24)
(122, 25)
(122, 26)
(122, 27)
(122, 28)
(122, 29)
(122, 30)
(122, 31)
(122, 32)
(122, 33)
(122, 34)
(122, 35)
(122, 36)
(122, 37)
(122, 38)
(122, 46)
(122, 49)
(122, 86)
(122, 88)
(122, 90)
(123, 35)
(123, 46)
(123, 49)
(123, 86)
(123, 88)
(123, 90)
(124, 35)
(124, 46)
(124, 47)
(124, 48)
(124, 49)
(124, 50)
(124, 51)
(124, 52)
(124, 53)
(124, 54)
(124, 55)
(124, 56)
(124, 57)
(124, 58)
(124, 59)
(124, 60)
(124, 61)
(124, 62)
(124, 63)
(124, 64)
(124, 65)
(124, 66)
(124, 67)
(124, 68)
(124, 69)
(124, 70)
(124, 71)
(124, 72)
(124, 73)
(124, 74)
(124, 75)
(124, 76)
(124, 77)
(124, 78)
(124, 79)
(124, 80)
(124, 81)
(124, 82)
(124, 83)
(124, 84)
(124, 85)
(124, 86)
(124, 87)
(124, 88)
(124, 89)
(124, 90)
(125, 35)
(125, 49)
(125, 86)
(125, 88)
(126, 35)
(126, 49)
(126, 50)
(126, 51)
(126, 52)
(126, 53)
(126, 54)
(126, 55)
(126, 56)
(126, 57)
(126, 58)
(126, 59)
(126, 60)
(126, 61)
(126, 62)
(126, 63)
(126, 64)
(126, 65)
(126, 66)
(126, 67)
(126, 68)
(126, 69)
(126, 70)
(126, 71)
(126, 72)
(126, 73)
(126, 74)
(126, 75)
(126, 76)
(126, 77)
(126, 78)
(126, 79)
(126, 80)
(126, 81)
(126, 82)
(126, 83)
(126, 84)
(126, 85)
(126, 86)
(126, 87)
(126, 88)
(127, 35)
(127, 36)
(127, 37)
(127, 38)
(127, 39)
(127, 40)
(127, 41)
(127, 42)
(127, 43)
(127, 44)
(127, 45)
(127, 46)
(127, 47)
(127, 48)
(127, 49)
(127, 50)
(127, 51)
(127, 52)
(127, 53)
(127, 54)
(127, 55)
(127, 56)
(127, 57)
(127, 58)
(127, 59)
(127, 60)
(127, 61)
(127, 62)
(127, 63)
(127, 64)
(127, 65)
(127, 66)
(127, 67)
(127, 68)
(127, 69)
(127, 70)
(127, 71)
(127, 72)
(127, 73)
(127, 74)
(127, 75)
(127, 76)
(127, 77)
(127, 78)
(127, 79)
(127, 80)
(127, 81)
(127, 82)
(127, 83)
(127, 84)
(127, 85)
(127, 86)
(13, 110)
(13, 112)
(13, 127)
(13, 2)
(13, 22)
(13, 32)
(13, 76)
(13, 93)
(14, 110)
(14, 112)
(14, 127)
(14, 2)
(14, 22)
(14, 32)
(14, 42)
(14, 43)
(14, 44)
(14, 45)
(14, 46)
(14, 47)
(14, 48)
(14, 49)
(14, 50)
(14, 51)
(14, 52)
(14, 53)
(14, 54)
(14, 55)
(14, 56)
(14, 57)
(14, 58)
(14, 59)
(14, 60)
(14, 61)
(14, 62)
(14, 63)
(14, 64)
(14, 65)
(14, 66)
(14, 67)
(14, 68)
(14, 69)
(14, 70)
(14, 71)
(14, 72)
(14, 76)
(14, 93)
(15, 110)
(15, 112)
(15, 127)
(15, 2)
(15, 22)
(15, 32)
(15, 42)
(15, 72)
(15, 76)
(15, 93)
(16, 110)
(16, 112)
(16, 127)
(16, 2)
(16, 22)
(16, 28)
(16, 29)
(16, 30)
(16, 31)
(16, 32)
(16, 33)
(16, 34)
(16, 35)
(16, 36)
(16, 37)
(16, 38)
(16, 39)
(16, 40)
(16, 41)
(16, 42)
(16, 43)
(16, 44)
(16, 45)
(16, 46)
(16, 47)
(16, 48)
(16, 49)
(16, 50)
(16, 51)
(16, 52)
(16, 53)
(16, 54)
(16, 72)
(16, 76)
(16, 93)
(17, 110)
(17, 112)
(17, 127)
(17, 2)
(17, 22)
(17, 28)
(17, 32)
(17, 42)
(17, 54)
(17, 72)
(17, 76)
(17, 93)
(18, 110)
(18, 112)
(18, 127)
(18, 2)
(18, 22)
(18, 28)
(18, 32)
(18, 42)
(18, 54)
(18, 72)
(18, 76)
(18, 93)
(19, 110)
(19, 112)
(19, 127)
(19, 2)
(19, 22)
(19, 28)
(19, 32)
(19, 42)
(19, 46)
(19, 47)
(19, 48)
(19, 49)
(19, 50)
(19, 51)
(19, 52)
(19, 53)
(19, 54)
(19, 55)
(19, 56)
(19, 57)
(19, 58)
(19, 59)
(19, 60)
(19, 61)
(19, 62)
(19, 63)
(19, 64)
(19, 65)
(19, 66)
(19, 67)
(19, 68)
(19, 69)
(19, 70)
(19, 71)
(19, 72)
(19, 73)
(19, 74)
(19, 75)
(19, 76)
(19, 77)
(19, 78)
(19, 79)
(19, 80)
(19, 81)
(19, 82)
(19, 83)
(19, 84)
(19, 85)
(19, 86)
(19, 87)
(19, 88)
(19, 93)
(20, 110)
(20, 112)
(20, 127)
(20, 2)
(20, 22)
(20, 28)
(20, 32)
(20, 42)
(20, 46)
(20, 54)
(20, 72)
(20, 76)
(20, 88)
(20, 93)
(21, 110)
(21, 112)
(21, 127)
(21, 19)
(21, 2)
(21, 20)
(21, 21)
(21, 22)
(21, 23)
(21, 24)
(21, 25)
(21, 26)
(21, 27)
(21, 28)
(21, 29)
(21, 30)
(21, 31)
(21, 32)
(21, 33)
(21, 34)
(21, 35)
(21, 36)
(21, 37)
(21, 38)
(21, 39)
(21, 40)
(21, 41)
(21, 42)
(21, 43)
(21, 44)
(21, 45)
(21, 46)
(21, 47)
(21, 48)
(21, 49)
(21, 50)
(21, 51)
(21, 52)
(21, 53)
(21, 54)
(21, 55)
(21, 56)
(21, 57)
(21, 58)
(21, 59)
(21, 60)
(21, 61)
(21, 62)
(21, 63)
(21, 64)
(21, 65)
(21, 66)
(21, 67)
(21, 72)
(21, 76)
(21, 88)
(21, 93)
(22, 110)
(22, 112)
(22, 127)
(22, 19)
(22, 2)
(22, 22)
(22, 28)
(22, 32)
(22, 42)
(22, 46)
(22, 54)
(22, 67)
(22, 72)
(22, 76)
(22, 88)
(22, 93)
(23, 100)
(23, 101)
(23, 102)
(23, 103)
(23, 104)
(23, 105)
(23, 106)
(23, 107)
(23, 108)
(23, 110)
(23, 112)
(23, 122)
(23, 127)
(23, 19)
(23, 2)
(23, 22)
(23, 24)
(23, 25)
(23, 26)
(23, 27)
(23, 28)
(23, 29)
(23, 30)
(23, 31)
(23, 32)
(23, 33)
(23, 34)
(23, 35)
(23, 36)
(23, 37)
(23, 38)
(23, 39)
(23, 40)
(23, 41)
(23, 42)
(23, 43)
(23, 44)
(23, 45)
(23, 46)
(23, 47)
(23, 48)
(23, 49)
(23, 50)
(23, 51)
(23, 52)
(23, 53)
(23, 54)
(23, 55)
(23, 56)
(23, 57)
(23, 58)
(23, 59)
(23, 60)
(23, 61)
(23, 62)
(23, 63)
(23, 64)
(23, 65)
(23, 66)
(23, 67)
(23, 68)
(23, 69)
(23, 70)
(23, 71)
(23, 72)
(23, 73)
(23, 74)
(23, 75)
(23, 76)
(23, 77)
(23, 78)
(23, 79)
(23, 80)
(23, 81)
(23, 82)
(23, 83)
(23, 84)
(23, 85)
(23, 86)
(23, 87)
(23, 88)
(23, 89)
(23, 90)
(23, 91)
(23, 92)
(23, 93)
(23, 94)
(23, 95)
(23, 96)
(23, 97)
(23, 98)
(23, 99)
(24, 108)
(24, 110)
(24, 112)
(24, 122)
(24, 127)
(24, 19)
(24, 2)
(24, 22)
(24, 24)
(24, 28)
(24, 32)
(24, 42)
(24, 46)
(24, 54)
(24, 67)
(24, 72)
(24, 76)
(24, 88)
(24, 93)
(25, 108)
(25, 110)
(25, 112)
(25, 122)
(25, 127)
(25, 19)
(25, 2)
(25, 22)
(25, 23)
(25, 24)
(25, 25)
(25, 26)
(25, 27)
(25, 28)
(25, 29)
(25, 30)
(25, 31)
(25, 32)
(25, 33)
(25, 34)
(25, 35)
(25, 36)
(25, 37)
(25, 38)
(25, 39)
(25, 40)
(25, 41)
(25, 42)
(25, 43)
(25, 44)
(25, 45)
(25, 46)
(25, 47)
(25, 48)
(25, 49)
(25, 50)
(25, 51)
(25, 52)
(25, 53)
(25, 54)
(25, 55)
(25, 56)
(25, 57)
(25, 58)
(25, 59)
(25, 60)
(25, 61)
(25, 62)
(25, 63)
(25, 64)
(25, 65)
(25, 66)
(25, 67)
(25, 68)
(25, 69)
(25, 70)
(25, 71)
(25, 72)
(25, 76)
(25, 88)
(25, 93)
(26, 108)
(26, 110)
(26, 112)
(26, 122)
(26, 127)
(26, 19)
(26, 2)
(26, 24)
(26, 28)
(26, 32)
(26, 42)
(26, 46)
(26, 54)
(26, 67)
(26, 76)
(26, 88)
(26, 93)
(27, 108)
(27, 110)
(27, 112)
(27, 122)
(27, 127)
(27, 19)
(27, 2)
(27, 24)
(27, 28)
(27, 32)
(27, 42)
(27, 46)
(27, 54)
(27, 57)
(27, 58)
(27, 59)
(27, 60)
(27, 61)
(27, 62)
(27, 63)
(27, 64)
(27, 65)
(27, 66)
(27, 67)
(27, 68)
(27, 69)
(27, 70)
(27, 71)
(27, 72)
(27, 73)
(27, 74)
(27, 75)
(27, 76)
(27, 77)
(27, 78)
(27, 79)
(27, 80)
(27, 81)
(27, 82)
(27, 83)
(27, 84)
(27, 85)
(27, 86)
(27, 87)
(27, 88)
(27, 89)
(27, 90)
(27, 91)
(27, 92)
(27, 93)
(27, 94)
(27, 95)
(27, 96)
(27, 97)
(27, 98)
(28, 108)
(28, 110)
(28, 112)
(28, 122)
(28, 127)
(28, 19)
(28, 2)
(28, 24)
(28, 28)
(28, 32)
(28, 42)
(28, 46)
(28, 54)
(28, 57)
(28, 67)
(28, 76)
(28, 88)
(28, 93)
(28, 98)
(29, 108)
(29, 110)
(29, 112)
(29, 122)
(29, 127)
(29, 19)
(29, 2)
(29, 24)
(29, 28)
(29, 32)
(29, 42)
(29, 46)
(29, 54)
(29, 57)
(29, 67)
(29, 76)
(29, 88)
(29, 93)
(29, 98)
(30, 100)
(30, 101)
(30, 102)
(30, 103)
(30, 104)
(30, 105)
(30, 106)
(30, 107)
(30, 108)
(30, 109)
(30, 110)
(30, 111)
(30, 112)
(30, 113)
(30, 114)
(30, 122)
(30, 127)
(30, 19)
(30, 2)
(30, 24)
(30, 28)
(30, 32)
(30, 42)
(30, 46)
(30, 54)
(30, 57)
(30, 67)
(30, 76)
(30, 85)
(30, 86)
(30, 87)
(30, 88)
(30, 89)
(30, 90)
(30, 91)
(30, 92)
(30, 93)
(30, 94)
(30, 95)
(30, 96)
(30, 97)
(30, 98)
(30, 99)
(31, 100)
(31, 101)
(31, 108)
(31, 110)
(31, 112)
(31, 114)
(31, 122)
(31, 127)
(31, 19)
(31, 2)
(31, 24)
(31, 28)
(31, 32)
(31, 42)
(31, 46)
(31, 54)
(31, 57)
(31, 67)
(31, 72)
(31, 73)
(31, 74)
(31, 75)
(31, 76)
(31, 77)
(31, 78)
(31, 79)
(31, 80)
(31, 81)
(31, 82)
(31, 83)
(31, 84)
(31, 85)
(31, 86)
(31, 87)
(31, 88)
(31, 89)
(31, 90)
(31, 91)
(31, 92)
(31, 93)
(31, 94)
(31, 95)
(31, 96)
(31, 97)
(31, 98)
(31, 99)
(32, 100)
(32, 101)
(32, 102)
(32, 103)
(32, 104)
(32, 105)
(32, 106)
(32, 107)
(32, 108)
(32, 110)
(32, 112)
(32, 114)
(32, 122)
(32, 127)
(32, 19)
(32, 2)
(32, 24)
(32, 28)
(32, 32)
(32, 42)
(32, 46)
(32, 54)
(32, 57)
(32, 67)
(32, 72)
(32, 76)
(32, 77)
(32, 78)
(32, 79)
(32, 80)
(32, 81)
(32, 82)
(32, 83)
(32, 84)
(32, 85)
(32, 86)
(32, 87)
(32, 88)
(32, 89)
(32, 90)
(32, 91)
(32, 92)
(32, 93)
(32, 94)
(32, 95)
(32, 96)
(32, 97)
(32, 98)
(32, 99)
(33, 101)
(33, 110)
(33, 112)
(33, 114)
(33, 122)
(33, 127)
(33, 14)
(33, 15)
(33, 16)
(33, 17)
(33, 18)
(33, 19)
(33, 2)
(33, 20)
(33, 21)
(33, 22)
(33, 23)
(33, 24)
(33, 25)
(33, 26)
(33, 27)
(33, 28)
(33, 29)
(33, 30)
(33, 31)
(33, 32)
(33, 33)
(33, 34)
(33, 35)
(33, 36)
(33, 37)
(33, 38)
(33, 39)
(33, 40)
(33, 41)
(33, 42)
(33, 43)
(33, 44)
(33, 45)
(33, 46)
(33, 47)
(33, 48)
(33, 49)
(33, 50)
(33, 51)
(33, 52)
(33, 53)
(33, 54)
(33, 55)
(33, 56)
(33, 57)
(33, 58)
(33, 59)
(33, 60)
(33, 61)
(33, 62)
(33, 63)
(33, 64)
(33, 65)
(33, 66)
(33, 67)
(33, 68)
(33, 69)
(33, 70)
(33, 71)
(33, 72)
(33, 73)
(33, 74)
(33, 75)
(33, 76)
(33, 77)
(33, 78)
(33, 79)
(33, 80)
(33, 85)
(33, 88)
(33, 93)
(33, 98)
(34, 101)
(34, 110)
(34, 112)
(34, 114)
(34, 122)
(34, 127)
(34, 14)
(34, 19)
(34, 2)
(34, 24)
(34, 28)
(34, 32)
(34, 42)
(34, 46)
(34, 54)
(34, 57)
(34, 67)
(34, 72)
(34, 80)
(34, 85)
(34, 88)
(34, 93)
(34, 98)
(35, 10)
(35, 100)
(35, 101)
(35, 102)
(35, 103)
(35, 104)
(35, 105)
(35, 106)
(35, 107)
(35, 108)
(35, 109)
(35, 11)
(35, 110)
(35, 111)
(35, 112)
(35, 113)
(35, 114)
(35, 115)
(35, 116)
(35, 117)
(35, 118)
(35, 119)
(35, 12)
(35, 120)
(35, 121)
(35, 122)
(35, 123)
(35, 124)
(35, 125)
(35, 127)
(35, 13)
(35, 14)
(35, 15)
(35, 16)
(35, 17)
(35, 18)
(35, 19)
(35, 2)
(35, 20)
(35, 21)
(35, 22)
(35, 23)
(35, 24)
(35, 25)
(35, 26)
(35, 27)
(35, 28)
(35, 29)
(35, 30)
(35, 31)
(35, 32)
(35, 33)
(35, 34)
(35, 35)
(35, 36)
(35, 37)
(35, 38)
(35, 39)
(35, 40)
(35, 41)
(35, 42)
(35, 43)
(35, 44)
(35, 45)
(35, 46)
(35, 47)
(35, 54)
(35, 57)
(35, 67)
(35, 72)
(35, 75)
(35, 76)
(35, 77)
(35, 78)
(35, 79)
(35, 8)
(35, 80)
(35, 81)
(35, 82)
(35, 83)
(35, 84)
(35, 85)
(35, 86)
(35, 87)
(35, 88)
(35, 89)
(35, 9)
(35, 90)
(35, 91)
(35, 92)
(35, 93)
(35, 94)
(35, 95)
(35, 96)
(35, 97)
(35, 98)
(35, 99)
(36, 101)
(36, 110)
(36, 112)
(36, 114)
(36, 122)
(36, 125)
(36, 127)
(36, 14)
(36, 19)
(36, 2)
(36, 24)
(36, 28)
(36, 32)
(36, 42)
(36, 46)
(36, 47)
(36, 54)
(36, 57)
(36, 67)
(36, 72)
(36, 75)
(36, 8)
(36, 80)
(36, 85)
(36, 88)
(36, 93)
(36, 98)
(37, 101)
(37, 110)
(37, 112)
(37, 114)
(37, 122)
(37, 125)
(37, 127)
(37, 14)
(37, 19)
(37, 2)
(37, 24)
(37, 28)
(37, 32)
(37, 42)
(37, 46)
(37, 47)
(37, 54)
(37, 57)
(37, 67)
(37, 72)
(37, 75)
(37, 8)
(37, 80)
(37, 85)
(37, 88)
(37, 93)
(37, 98)
(38, 101)
(38, 110)
(38, 112)
(38, 114)
(38, 122)
(38, 125)
(38, 127)
(38, 13)
(38, 14)
(38, 15)
(38, 16)
(38, 17)
(38, 18)
(38, 19)
(38, 2)
(38, 20)
(38, 21)
(38, 22)
(38, 23)
(38, 24)
(38, 25)
(38, 26)
(38, 27)
(38, 28)
(38, 29)
(38, 30)
(38, 32)
(38, 42)
(38, 43)
(38, 44)
(38, 45)
(38, 46)
(38, 47)
(38, 48)
(38, 49)
(38, 50)
(38, 51)
(38, 52)
(38, 53)
(38, 54)
(38, 55)
(38, 56)
(38, 57)
(38, 58)
(38, 59)
(38, 60)
(38, 61)
(38, 62)
(38, 63)
(38, 64)
(38, 65)
(38, 66)
(38, 67)
(38, 72)
(38, 75)
(38, 8)
(38, 80)
(38, 85)
(38, 88)
(38, 93)
(38, 98)
(39, 101)
(39, 110)
(39, 112)
(39, 114)
(39, 122)
(39, 125)
(39, 127)
(39, 13)
(39, 14)
(39, 19)
(39, 2)
(39, 24)
(39, 28)
(39, 30)
(39, 32)
(39, 46)
(39, 47)
(39, 54)
(39, 57)
(39, 72)
(39, 75)
(39, 76)
(39, 77)
(39, 78)
(39, 79)
(39, 8)
(39, 80)
(39, 81)
(39, 82)
(39, 83)
(39, 84)
(39, 85)
(39, 86)
(39, 87)
(39, 88)
(39, 93)
(39, 98)
(40, 10)
(40, 101)
(40, 11)
(40, 110)
(40, 112)
(40, 114)
(40, 12)
(40, 122)
(40, 125)
(40, 127)
(40, 13)
(40, 14)
(40, 15)
(40, 16)
(40, 17)
(40, 18)
(40, 19)
(40, 2)
(40, 20)
(40, 21)
(40, 22)
(40, 23)
(40, 24)
(40, 25)
(40, 26)
(40, 27)
(40, 28)
(40, 29)
(40, 30)
(40, 31)
(40, 32)
(40, 33)
(40, 34)
(40, 35)
(40, 36)
(40, 37)
(40, 38)
(40, 39)
(40, 40)
(40, 41)
(40, 42)
(40, 43)
(40, 44)
(40, 45)
(40, 46)
(40, 47)
(40, 48)
(40, 49)
(40, 50)
(40, 51)
(40, 52)
(40, 53)
(40, 54)
(40, 55)
(40, 56)
(40, 57)
(40, 58)
(40, 6)
(40, 7)
(40, 72)
(40, 8)
(40, 80)
(40, 85)
(40, 9)
(40, 93)
(40, 98)
(41, 101)
(41, 110)
(41, 111)
(41, 112)
(41, 113)
(41, 114)
(41, 115)
(41, 116)
(41, 122)
(41, 125)
(41, 127)
(41, 13)
(41, 14)
(41, 19)
(41, 2)
(41, 24)
(41, 28)
(41, 30)
(41, 32)
(41, 46)
(41, 47)
(41, 54)
(41, 57)
(41, 58)
(41, 6)
(41, 72)
(41, 8)
(41, 80)
(41, 85)
(41, 93)
(41, 98)
(42, 101)
(42, 110)
(42, 111)
(42, 112)
(42, 114)
(42, 116)
(42, 122)
(42, 125)
(42, 127)
(42, 13)
(42, 14)
(42, 19)
(42, 2)
(42, 24)
(42, 28)
(42, 30)
(42, 32)
(42, 46)
(42, 47)
(42, 54)
(42, 57)
(42, 58)
(42, 6)
(42, 72)
(42, 8)
(42, 80)
(42, 85)
(42, 93)
(42, 98)
(43, 100)
(43, 101)
(43, 102)
(43, 103)
(43, 110)
(43, 111)
(43, 112)
(43, 114)
(43, 116)
(43, 122)
(43, 125)
(43, 127)
(43, 13)
(43, 14)
(43, 19)
(43, 2)
(43, 24)
(43, 28)
(43, 30)
(43, 32)
(43, 46)
(43, 47)
(43, 54)
(43, 55)
(43, 56)
(43, 57)
(43, 58)
(43, 59)
(43, 6)
(43, 60)
(43, 61)
(43, 62)
(43, 63)
(43, 64)
(43, 65)
(43, 66)
(43, 67)
(43, 68)
(43, 69)
(43, 70)
(43, 71)
(43, 72)
(43, 73)
(43, 74)
(43, 75)
(43, 76)
(43, 77)
(43, 78)
(43, 79)
(43, 8)
(43, 80)
(43, 81)
(43, 82)
(43, 83)
(43, 84)
(43, 85)
(43, 86)
(43, 87)
(43, 88)
(43, 89)
(43, 90)
(43, 91)
(43, 92)
(43, 93)
(43, 94)
(43, 95)
(43, 96)
(43, 97)
(43, 98)
(43, 99)
(44, 101)
(44, 103)
(44, 110)
(44, 111)
(44, 112)
(44, 114)
(44, 116)
(44, 122)
(44, 125)
(44, 127)
(44, 13)
(44, 14)
(44, 19)
(44, 2)
(44, 24)
(44, 28)
(44, 30)
(44, 32)
(44, 46)
(44, 47)
(44, 54)
(44, 55)
(44, 57)
(44, 58)
(44, 6)
(44, 72)
(44, 8)
(44, 80)
(44, 85)
(44, 93)
(44, 98)
(45, 101)
(45, 103)
(45, 110)
(45, 111)
(45, 112)
(45, 114)
(45, 116)
(45, 122)
(45, 123)
(45, 124)
(45, 125)
(45, 126)
(45, 127)
(45, 13)
(45, 14)
(45, 19)
(45, 2)
(45, 24)
(45, 28)
(45, 30)
(45, 32)
(45, 46)
(45, 47)
(45, 54)
(45, 55)
(45, 57)
(45, 58)
(45, 6)
(45, 72)
(45, 8)
(45, 80)
(45, 85)
(45, 93)
(45, 98)
(46, 100)
(46, 101)
(46, 102)
(46, 103)
(46, 104)
(46, 105)
(46, 106)
(46, 107)
(46, 110)
(46, 111)
(46, 112)
(46, 114)
(46, 116)
(46, 125)
(46, 13)
(46, 14)
(46, 19)
(46, 2)
(46, 24)
(46, 28)
(46, 30)
(46, 32)
(46, 46)
(46, 47)
(46, 54)
(46, 55)
(46, 57)
(46, 58)
(46, 6)
(46, 67)
(46, 68)
(46, 69)
(46, 70)
(46, 71)
(46, 72)
(46, 73)
(46, 74)
(46, 75)
(46, 76)
(46, 77)
(46, 78)
(46, 79)
(46, 8)
(46, 80)
(46, 81)
(46, 82)
(46, 83)
(46, 84)
(46, 85)
(46, 86)
(46, 87)
(46, 88)
(46, 89)
(46, 90)
(46, 91)
(46, 92)
(46, 93)
(46, 94)
(46, 95)
(46, 96)
(46, 97)
(46, 98)
(46, 99)
(47, 101)
(47, 103)
(47, 107)
(47, 110)
(47, 111)
(47, 112)
(47, 114)
(47, 116)
(47, 125)
(47, 13)
(47, 14)
(47, 19)
(47, 2)
(47, 24)
(47, 28)
(47, 30)
(47, 32)
(47, 46)
(47, 47)
(47, 54)
(47, 55)
(47, 57)
(47, 58)
(47, 6)
(47, 67)
(47, 72)
(47, 8)
(47, 80)
(47, 85)
(47, 93)
(47, 98)
(48, 100)
(48, 101)
(48, 102)
(48, 103)
(48, 104)
(48, 105)
(48, 106)
(48, 107)
(48, 108)
(48, 109)
(48, 110)
(48, 111)
(48, 112)
(48, 114)
(48, 116)
(48, 125)
(48, 13)
(48, 14)
(48, 19)
(48, 2)
(48, 24)
(48, 28)
(48, 30)
(48, 32)
(48, 46)
(48, 47)
(48, 48)
(48, 49)
(48, 50)
(48, 51)
(48, 52)
(48, 53)
(48, 54)
(48, 55)
(48, 56)
(48, 57)
(48, 58)
(48, 59)
(48, 6)
(48, 60)
(48, 61)
(48, 62)
(48, 63)
(48, 64)
(48, 65)
(48, 66)
(48, 67)
(48, 68)
(48, 69)
(48, 70)
(48, 71)
(48, 72)
(48, 73)
(48, 74)
(48, 75)
(48, 76)
(48, 77)
(48, 78)
(48, 79)
(48, 8)
(48, 80)
(48, 81)
(48, 82)
(48, 83)
(48, 84)
(48, 85)
(48, 86)
(48, 87)
(48, 88)
(48, 89)
(48, 90)
(48, 91)
(48, 92)
(48, 93)
(48, 94)
(48, 95)
(48, 96)
(48, 97)
(48, 98)
(48, 99)
(49, 101)
(49, 103)
(49, 107)
(49, 110)
(49, 111)
(49, 114)
(49, 116)
(49, 125)
(49, 13)
(49, 14)
(49, 17)
(49, 18)
(49, 19)
(49, 2)
(49, 20)
(49, 21)
(49, 22)
(49, 23)
(49, 24)
(49, 25)
(49, 26)
(49, 27)
(49, 28)
(49, 29)
(49, 30)
(49, 31)
(49, 32)
(49, 33)
(49, 34)
(49, 35)
(49, 36)
(49, 37)
(49, 38)
(49, 39)
(49, 40)
(49, 41)
(49, 42)
(49, 43)
(49, 44)
(49, 45)
(49, 46)
(49, 47)
(49, 48)
(49, 49)
(49, 54)
(49, 55)
(49, 57)
(49, 58)
(49, 6)
(49, 67)
(49, 72)
(49, 8)
(49, 80)
(49, 85)
(49, 93)
(49, 98)
(50, 10)
(50, 101)
(50, 103)
(50, 107)
(50, 11)
(50, 110)
(50, 111)
(50, 114)
(50, 116)
(50, 12)
(50, 125)
(50, 13)
(50, 14)
(50, 15)
(50, 16)
(50, 17)
(50, 18)
(50, 19)
(50, 2)
(50, 20)
(50, 21)
(50, 22)
(50, 23)
(50, 24)
(50, 25)
(50, 26)
(50, 27)
(50, 28)
(50, 29)
(50, 3)
(50, 30)
(50, 31)
(50, 32)
(50, 33)
(50, 34)
(50, 35)
(50, 36)
(50, 37)
(50, 38)
(50, 39)
(50, 4)
(50, 40)
(50, 41)
(50, 42)
(50, 43)
(50, 44)
(50, 45)
(50, 46)
(50, 47)
(50, 49)
(50, 5)
(50, 54)
(50, 55)
(50, 57)
(50, 58)
(50, 6)
(50, 67)
(50, 7)
(50, 72)
(50, 8)
(50, 80)
(50, 85)
(50, 9)
(50, 93)
(50, 98)
(51, 101)
(51, 103)
(51, 107)
(51, 110)
(51, 111)
(51, 114)
(51, 116)
(51, 125)
(51, 13)
(51, 14)
(51, 17)
(51, 19)
(51, 24)
(51, 28)
(51, 30)
(51, 32)
(51, 49)
(51, 54)
(51, 55)
(51, 57)
(51, 58)
(51, 6)
(51, 67)
(51, 72)
(51, 8)
(51, 80)
(51, 85)
(51, 93)
(51, 98)
(52, 101)
(52, 103)
(52, 107)
(52, 110)
(52, 111)
(52, 114)
(52, 116)
(52, 125)
(52, 13)
(52, 14)
(52, 17)
(52, 19)
(52, 24)
(52, 25)
(52, 26)
(52, 27)
(52, 28)
(52, 29)
(52, 30)
(52, 31)
(52, 32)
(52, 49)
(52, 54)
(52, 55)
(52, 57)
(52, 58)
(52, 6)
(52, 67)
(52, 72)
(52, 8)
(52, 80)
(52, 85)
(52, 93)
(52, 98)
(53, 101)
(53, 103)
(53, 107)
(53, 110)
(53, 111)
(53, 114)
(53, 116)
(53, 125)
(53, 13)
(53, 14)
(53, 17)
(53, 19)
(53, 28)
(53, 30)
(53, 49)
(53, 54)
(53, 55)
(53, 57)
(53, 58)
(53, 6)
(53, 67)
(53, 8)
(53, 80)
(53, 85)
(53, 93)
(53, 98)
(54, 10)
(54, 101)
(54, 103)
(54, 107)
(54, 11)
(54, 110)
(54, 111)
(54, 114)
(54, 116)
(54, 12)
(54, 125)
(54, 13)
(54, 14)
(54, 15)
(54, 16)
(54, 17)
(54, 18)
(54, 19)
(54, 20)
(54, 21)
(54, 22)
(54, 23)
(54, 24)
(54, 25)
(54, 26)
(54, 27)
(54, 28)
(54, 29)
(54, 30)
(54, 31)
(54, 32)
(54, 33)
(54, 34)
(54, 35)
(54, 36)
(54, 37)
(54, 38)
(54, 39)
(54, 40)
(54, 41)
(54, 42)
(54, 43)
(54, 44)
(54, 45)
(54, 46)
(54, 47)
(54, 48)
(54, 49)
(54, 50)
(54, 51)
(54, 52)
(54, 53)
(54, 54)
(54, 55)
(54, 57)
(54, 58)
(54, 6)
(54, 67)
(54, 8)
(54, 80)
(54, 85)
(54, 9)
(54, 93)
(54, 98)
(55, 101)
(55, 103)
(55, 107)
(55, 110)
(55, 111)
(55, 114)
(55, 116)
(55, 125)
(55, 13)
(55, 14)
(55, 17)
(55, 19)
(55, 28)
(55, 30)
(55, 49)
(55, 55)
(55, 57)
(55, 58)
(55, 6)
(55, 67)
(55, 80)
(55, 85)
(55, 93)
(55, 98)
(56, 100)
(56, 101)
(56, 102)
(56, 103)
(56, 104)
(56, 105)
(56, 106)
(56, 107)
(56, 108)
(56, 109)
(56, 110)
(56, 111)
(56, 112)
(56, 113)
(56, 114)
(56, 115)
(56, 116)
(56, 117)
(56, 118)
(56, 125)
(56, 13)
(56, 14)
(56, 17)
(56, 19)
(56, 28)
(56, 30)
(56, 49)
(56, 55)
(56, 57)
(56, 58)
(56, 6)
(56, 67)
(56, 80)
(56, 82)
(56, 83)
(56, 84)
(56, 85)
(56, 86)
(56, 87)
(56, 88)
(56, 89)
(56, 90)
(56, 91)
(56, 92)
(56, 93)
(56, 94)
(56, 95)
(56, 96)
(56, 97)
(56, 98)
(56, 99)
(57, 101)
(57, 103)
(57, 107)
(57, 110)
(57, 111)
(57, 114)
(57, 116)
(57, 118)
(57, 125)
(57, 13)
(57, 14)
(57, 17)
(57, 19)
(57, 28)
(57, 30)
(57, 47)
(57, 48)
(57, 49)
(57, 50)
(57, 51)
(57, 52)
(57, 53)
(57, 54)
(57, 55)
(57, 56)
(57, 57)
(57, 58)
(57, 59)
(57, 6)
(57, 60)
(57, 61)
(57, 62)
(57, 63)
(57, 64)
(57, 65)
(57, 66)
(57, 67)
(57, 68)
(57, 69)
(57, 70)
(57, 71)
(57, 72)
(57, 73)
(57, 74)
(57, 75)
(57, 76)
(57, 77)
(57, 78)
(57, 79)
(57, 80)
(57, 81)
(57, 82)
(57, 83)
(57, 84)
(57, 85)
(57, 86)
(57, 87)
(57, 93)
(57, 98)
(58, 101)
(58, 103)
(58, 107)
(58, 110)
(58, 111)
(58, 114)
(58, 116)
(58, 118)
(58, 125)
(58, 13)
(58, 14)
(58, 17)
(58, 19)
(58, 28)
(58, 30)
(58, 47)
(58, 49)
(58, 55)
(58, 57)
(58, 58)
(58, 6)
(58, 67)
(58, 80)
(58, 82)
(58, 85)
(58, 87)
(58, 93)
(58, 98)
(59, 101)
(59, 103)
(59, 107)
(59, 110)
(59, 111)
(59, 114)
(59, 116)
(59, 118)
(59, 125)
(59, 13)
(59, 14)
(59, 17)
(59, 19)
(59, 28)
(59, 30)
(59, 47)
(59, 49)
(59, 55)
(59, 57)
(59, 58)
(59, 6)
(59, 67)
(59, 80)
(59, 82)
(59, 85)
(59, 87)
(59, 93)
(59, 98)
(6, 100)
(6, 101)
(6, 102)
(6, 103)
(6, 104)
(6, 105)
(6, 106)
(6, 107)
(6, 108)
(6, 109)
(6, 110)
(6, 111)
(6, 112)
(6, 76)
(6, 77)
(6, 78)
(6, 79)
(6, 80)
(6, 81)
(6, 82)
(6, 83)
(6, 84)
(6, 85)
(6, 86)
(6, 87)
(6, 88)
(6, 89)
(6, 90)
(6, 91)
(6, 92)
(6, 93)
(6, 94)
(6, 95)
(6, 96)
(6, 97)
(6, 98)
(6, 99)
(60, 101)
(60, 103)
(60, 107)
(60, 110)
(60, 111)
(60, 114)
(60, 116)
(60, 118)
(60, 125)
(60, 13)
(60, 14)
(60, 17)
(60, 19)
(60, 28)
(60, 30)
(60, 36)
(60, 37)
(60, 38)
(60, 39)
(60, 40)
(60, 41)
(60, 42)
(60, 43)
(60, 44)
(60, 45)
(60, 46)
(60, 47)
(60, 48)
(60, 49)
(60, 50)
(60, 51)
(60, 52)
(60, 53)
(60, 54)
(60, 55)
(60, 56)
(60, 57)
(60, 58)
(60, 59)
(60, 6)
(60, 60)
(60, 61)
(60, 62)
(60, 67)
(60, 80)
(60, 82)
(60, 85)
(60, 87)
(60, 93)
(60, 98)
(61, 101)
(61, 103)
(61, 107)
(61, 110)
(61, 111)
(61, 114)
(61, 116)
(61, 118)
(61, 125)
(61, 13)
(61, 14)
(61, 17)
(61, 19)
(61, 28)
(61, 30)
(61, 36)
(61, 47)
(61, 49)
(61, 55)
(61, 57)
(61, 58)
(61, 6)
(61, 62)
(61, 67)
(61, 80)
(61, 82)
(61, 85)
(61, 87)
(61, 93)
(61, 98)
(62, 100)
(62, 101)
(62, 102)
(62, 103)
(62, 104)
(62, 105)
(62, 106)
(62, 107)
(62, 108)
(62, 109)
(62, 110)
(62, 111)
(62, 112)
(62, 114)
(62, 116)
(62, 118)
(62, 125)
(62, 13)
(62, 14)
(62, 17)
(62, 19)
(62, 28)
(62, 30)
(62, 36)
(62, 47)
(62, 49)
(62, 55)
(62, 57)
(62, 58)
(62, 6)
(62, 62)
(62, 67)
(62, 80)
(62, 81)
(62, 82)
(62, 83)
(62, 84)
(62, 85)
(62, 86)
(62, 87)
(62, 88)
(62, 89)
(62, 90)
(62, 91)
(62, 92)
(62, 93)
(62, 94)
(62, 95)
(62, 96)
(62, 97)
(62, 98)
(62, 99)
(63, 101)
(63, 103)
(63, 107)
(63, 110)
(63, 111)
(63, 112)
(63, 114)
(63, 116)
(63, 118)
(63, 125)
(63, 13)
(63, 14)
(63, 17)
(63, 19)
(63, 28)
(63, 30)
(63, 36)
(63, 41)
(63, 42)
(63, 43)
(63, 44)
(63, 45)
(63, 46)
(63, 47)
(63, 48)
(63, 49)
(63, 50)
(63, 51)
(63, 52)
(63, 53)
(63, 54)
(63, 55)
(63, 56)
(63, 57)
(63, 58)
(63, 59)
(63, 6)
(63, 60)
(63, 61)
(63, 62)
(63, 63)
(63, 64)
(63, 65)
(63, 66)
(63, 67)
(63, 68)
(63, 69)
(63, 70)
(63, 71)
(63, 72)
(63, 73)
(63, 74)
(63, 75)
(63, 76)
(63, 77)
(63, 78)
(63, 79)
(63, 80)
(63, 81)
(63, 82)
(63, 83)
(63, 84)
(63, 85)
(63, 86)
(63, 87)
(63, 88)
(63, 89)
(63, 90)
(63, 91)
(63, 92)
(63, 93)
(63, 94)
(63, 95)
(63, 98)
(64, 101)
(64, 103)
(64, 107)
(64, 110)
(64, 111)
(64, 112)
(64, 114)
(64, 116)
(64, 118)
(64, 125)
(64, 13)
(64, 14)
(64, 17)
(64, 19)
(64, 28)
(64, 30)
(64, 36)
(64, 41)
(64, 47)
(64, 49)
(64, 55)
(64, 57)
(64, 58)
(64, 6)
(64, 62)
(64, 67)
(64, 80)
(64, 81)
(64, 82)
(64, 85)
(64, 87)
(64, 93)
(64, 95)
(64, 98)
(65, 100)
(65, 101)
(65, 103)
(65, 107)
(65, 110)
(65, 111)
(65, 112)
(65, 114)
(65, 116)
(65, 118)
(65, 125)
(65, 13)
(65, 14)
(65, 17)
(65, 19)
(65, 28)
(65, 30)
(65, 36)
(65, 41)
(65, 47)
(65, 49)
(65, 55)
(65, 57)
(65, 58)
(65, 6)
(65, 61)
(65, 62)
(65, 63)
(65, 64)
(65, 67)
(65, 68)
(65, 69)
(65, 70)
(65, 71)
(65, 72)
(65, 73)
(65, 74)
(65, 75)
(65, 76)
(65, 77)
(65, 78)
(65, 79)
(65, 80)
(65, 81)
(65, 82)
(65, 83)
(65, 84)
(65, 85)
(65, 86)
(65, 87)
(65, 88)
(65, 89)
(65, 90)
(65, 91)
(65, 92)
(65, 93)
(65, 94)
(65, 95)
(65, 96)
(65, 97)
(65, 98)
(65, 99)
(66, 103)
(66, 107)
(66, 110)
(66, 111)
(66, 112)
(66, 114)
(66, 116)
(66, 118)
(66, 125)
(66, 13)
(66, 14)
(66, 17)
(66, 19)
(66, 28)
(66, 30)
(66, 36)
(66, 41)
(66, 47)
(66, 49)
(66, 55)
(66, 57)
(66, 58)
(66, 6)
(66, 61)
(66, 62)
(66, 64)
(66, 66)
(66, 67)
(66, 68)
(66, 69)
(66, 70)
(66, 71)
(66, 72)
(66, 73)
(66, 74)
(66, 75)
(66, 76)
(66, 77)
(66, 78)
(66, 79)
(66, 80)
(66, 81)
(66, 82)
(66, 83)
(66, 84)
(66, 85)
(66, 86)
(66, 87)
(66, 88)
(66, 89)
(66, 90)
(66, 91)
(66, 93)
(66, 95)
(66, 98)
(67, 100)
(67, 101)
(67, 102)
(67, 103)
(67, 104)
(67, 105)
(67, 106)
(67, 107)
(67, 108)
(67, 109)
(67, 110)
(67, 111)
(67, 112)
(67, 113)
(67, 114)
(67, 115)
(67, 116)
(67, 117)
(67, 118)
(67, 125)
(67, 13)
(67, 14)
(67, 17)
(67, 19)
(67, 28)
(67, 30)
(67, 36)
(67, 41)
(67, 47)
(67, 49)
(67, 55)
(67, 57)
(67, 58)
(67, 6)
(67, 61)
(67, 62)
(67, 64)
(67, 66)
(67, 67)
(67, 68)
(67, 69)
(67, 70)
(67, 71)
(67, 72)
(67, 73)
(67, 74)
(67, 75)
(67, 76)
(67, 77)
(67, 78)
(67, 79)
(67, 80)
(67, 81)
(67, 82)
(67, 83)
(67, 84)
(67, 85)
(67, 86)
(67, 87)
(67, 88)
(67, 89)
(67, 90)
(67, 91)
(67, 92)
(67, 93)
(67, 94)
(67, 95)
(67, 96)
(67, 97)
(67, 98)
(67, 99)
(68, 103)
(68, 107)
(68, 110)
(68, 111)
(68, 112)
(68, 114)
(68, 116)
(68, 125)
(68, 13)
(68, 14)
(68, 17)
(68, 19)
(68, 28)
(68, 30)
(68, 36)
(68, 41)
(68, 47)
(68, 49)
(68, 55)
(68, 57)
(68, 58)
(68, 6)
(68, 61)
(68, 62)
(68, 64)
(68, 80)
(68, 81)
(68, 82)
(68, 85)
(68, 87)
(68, 91)
(68, 93)
(68, 95)
(68, 98)
(69, 103)
(69, 107)
(69, 110)
(69, 111)
(69, 112)
(69, 114)
(69, 116)
(69, 125)
(69, 13)
(69, 14)
(69, 17)
(69, 19)
(69, 28)
(69, 30)
(69, 36)
(69, 41)
(69, 47)
(69, 49)
(69, 55)
(69, 57)
(69, 58)
(69, 6)
(69, 61)
(69, 62)
(69, 64)
(69, 80)
(69, 81)
(69, 82)
(69, 85)
(69, 87)
(69, 91)
(69, 93)
(69, 95)
(69, 98)
(7, 112)
(7, 76)
(70, 103)
(70, 107)
(70, 110)
(70, 111)
(70, 112)
(70, 114)
(70, 116)
(70, 125)
(70, 13)
(70, 14)
(70, 17)
(70, 19)
(70, 28)
(70, 30)
(70, 36)
(70, 41)
(70, 47)
(70, 49)
(70, 55)
(70, 57)
(70, 58)
(70, 6)
(70, 61)
(70, 62)
(70, 64)
(70, 80)
(70, 81)
(70, 82)
(70, 85)
(70, 87)
(70, 91)
(70, 93)
(70, 95)
(70, 98)
(71, 103)
(71, 107)
(71, 110)
(71, 111)
(71, 112)
(71, 114)
(71, 116)
(71, 125)
(71, 13)
(71, 14)
(71, 17)
(71, 19)
(71, 28)
(71, 30)
(71, 36)
(71, 41)
(71, 47)
(71, 49)
(71, 55)
(71, 57)
(71, 58)
(71, 6)
(71, 61)
(71, 62)
(71, 64)
(71, 80)
(71, 81)
(71, 82)
(71, 85)
(71, 87)
(71, 91)
(71, 93)
(71, 95)
(71, 98)
(72, 1)
(72, 10)
(72, 100)
(72, 101)
(72, 102)
(72, 103)
(72, 104)
(72, 105)
(72, 106)
(72, 107)
(72, 108)
(72, 11)
(72, 110)
(72, 111)
(72, 112)
(72, 114)
(72, 116)
(72, 12)
(72, 125)
(72, 13)
(72, 14)
(72, 15)
(72, 16)
(72, 17)
(72, 18)
(72, 19)
(72, 2)
(72, 20)
(72, 21)
(72, 22)
(72, 23)
(72, 24)
(72, 25)
(72, 26)
(72, 27)
(72, 28)
(72, 29)
(72, 3)
(72, 30)
(72, 31)
(72, 32)
(72, 33)
(72, 34)
(72, 35)
(72, 36)
(72, 37)
(72, 38)
(72, 39)
(72, 4)
(72, 40)
(72, 41)
(72, 42)
(72, 43)
(72, 44)
(72, 45)
(72, 46)
(72, 47)
(72, 48)
(72, 49)
(72, 5)
(72, 50)
(72, 51)
(72, 52)
(72, 53)
(72, 54)
(72, 55)
(72, 56)
(72, 57)
(72, 58)
(72, 59)
(72, 6)
(72, 60)
(72, 61)
(72, 62)
(72, 63)
(72, 64)
(72, 65)
(72, 66)
(72, 67)
(72, 68)
(72, 69)
(72, 7)
(72, 70)
(72, 71)
(72, 72)
(72, 73)
(72, 74)
(72, 75)
(72, 76)
(72, 77)
(72, 78)
(72, 79)
(72, 8)
(72, 80)
(72, 81)
(72, 82)
(72, 83)
(72, 84)
(72, 85)
(72, 86)
(72, 87)
(72, 88)
(72, 89)
(72, 9)
(72, 90)
(72, 91)
(72, 92)
(72, 93)
(72, 94)
(72, 95)
(72, 96)
(72, 97)
(72, 98)
(72, 99)
(73, 1)
(73, 103)
(73, 107)
(73, 108)
(73, 110)
(73, 111)
(73, 112)
(73, 114)
(73, 116)
(73, 125)
(73, 13)
(73, 14)
(73, 17)
(73, 19)
(73, 28)
(73, 30)
(73, 36)
(73, 41)
(73, 47)
(73, 49)
(73, 55)
(73, 57)
(73, 58)
(73, 6)
(73, 61)
(73, 62)
(73, 64)
(73, 80)
(73, 81)
(73, 82)
(73, 85)
(73, 87)
(73, 91)
(73, 93)
(73, 95)
(73, 98)
(74, 1)
(74, 103)
(74, 107)
(74, 108)
(74, 110)
(74, 111)
(74, 112)
(74, 114)
(74, 116)
(74, 125)
(74, 13)
(74, 14)
(74, 17)
(74, 19)
(74, 28)
(74, 30)
(74, 36)
(74, 41)
(74, 47)
(74, 49)
(74, 53)
(74, 54)
(74, 55)
(74, 56)
(74, 57)
(74, 58)
(74, 59)
(74, 6)
(74, 60)
(74, 61)
(74, 62)
(74, 63)
(74, 64)
(74, 65)
(74, 66)
(74, 67)
(74, 68)
(74, 69)
(74, 70)
(74, 71)
(74, 72)
(74, 73)
(74, 74)
(74, 75)
(74, 76)
(74, 77)
(74, 78)
(74, 79)
(74, 80)
(74, 81)
(74, 82)
(74, 83)
(74, 84)
(74, 85)
(74, 86)
(74, 87)
(74, 88)
(74, 89)
(74, 90)
(74, 91)
(74, 92)
(74, 93)
(74, 94)
(74, 95)
(74, 96)
(74, 97)
(74, 98)
(74, 99)
(75, 1)
(75, 100)
(75, 101)
(75, 102)
(75, 103)
(75, 104)
(75, 105)
(75, 106)
(75, 107)
(75, 108)
(75, 109)
(75, 110)
(75, 111)
(75, 112)
(75, 114)
(75, 116)
(75, 125)
(75, 13)
(75, 14)
(75, 17)
(75, 19)
(75, 28)
(75, 30)
(75, 36)
(75, 41)
(75, 47)
(75, 49)
(75, 53)
(75, 55)
(75, 57)
(75, 58)
(75, 59)
(75, 6)
(75, 60)
(75, 61)
(75, 62)
(75, 63)
(75, 64)
(75, 65)
(75, 66)
(75, 67)
(75, 68)
(75, 69)
(75, 70)
(75, 71)
(75, 72)
(75, 73)
(75, 74)
(75, 75)
(75, 76)
(75, 77)
(75, 78)
(75, 79)
(75, 80)
(75, 81)
(75, 82)
(75, 83)
(75, 84)
(75, 85)
(75, 86)
(75, 87)
(75, 88)
(75, 89)
(75, 90)
(75, 91)
(75, 92)
(75, 93)
(75, 94)
(75, 95)
(75, 96)
(75, 97)
(75, 98)
(75, 99)
(76, 1)
(76, 103)
(76, 107)
(76, 108)
(76, 111)
(76, 112)
(76, 114)
(76, 116)
(76, 125)
(76, 13)
(76, 14)
(76, 17)
(76, 19)
(76, 28)
(76, 30)
(76, 36)
(76, 41)
(76, 47)
(76, 49)
(76, 53)
(76, 55)
(76, 58)
(76, 6)
(76, 61)
(76, 62)
(76, 64)
(76, 80)
(76, 81)
(76, 82)
(76, 85)
(76, 87)
(76, 91)
(76, 93)
(76, 95)
(76, 98)
(76, 99)
(77, 1)
(77, 103)
(77, 107)
(77, 108)
(77, 114)
(77, 116)
(77, 125)
(77, 13)
(77, 14)
(77, 17)
(77, 19)
(77, 28)
(77, 30)
(77, 36)
(77, 41)
(77, 47)
(77, 49)
(77, 53)
(77, 55)
(77, 58)
(77, 6)
(77, 61)
(77, 62)
(77, 64)
(77, 80)
(77, 81)
(77, 82)
(77, 85)
(77, 87)
(77, 91)
(77, 93)
(77, 95)
(77, 98)
(77, 99)
(78, 1)
(78, 10)
(78, 103)
(78, 107)
(78, 108)
(78, 11)
(78, 114)
(78, 116)
(78, 12)
(78, 125)
(78, 13)
(78, 14)
(78, 15)
(78, 16)
(78, 17)
(78, 18)
(78, 19)
(78, 20)
(78, 21)
(78, 22)
(78, 23)
(78, 24)
(78, 25)
(78, 26)
(78, 27)
(78, 28)
(78, 29)
(78, 30)
(78, 36)
(78, 41)
(78, 47)
(78, 49)
(78, 53)
(78, 55)
(78, 58)
(78, 6)
(78, 61)
(78, 62)
(78, 64)
(78, 7)
(78, 8)
(78, 80)
(78, 81)
(78, 82)
(78, 85)
(78, 87)
(78, 9)
(78, 91)
(78, 93)
(78, 95)
(78, 98)
(78, 99)
(79, 1)
(79, 103)
(79, 107)
(79, 108)
(79, 114)
(79, 116)
(79, 125)
(79, 13)
(79, 14)
(79, 17)
(79, 19)
(79, 28)
(79, 36)
(79, 41)
(79, 47)
(79, 49)
(79, 53)
(79, 55)
(79, 58)
(79, 61)
(79, 62)
(79, 64)
(79, 80)
(79, 81)
(79, 82)
(79, 85)
(79, 87)
(79, 91)
(79, 93)
(79, 95)
(79, 98)
(79, 99)
(8, 100)
(8, 101)
(8, 102)
(8, 103)
(8, 104)
(8, 105)
(8, 106)
(8, 107)
(8, 108)
(8, 109)
(8, 110)
(8, 112)
(8, 22)
(8, 23)
(8, 24)
(8, 25)
(8, 26)
(8, 27)
(8, 28)
(8, 29)
(8, 30)
(8, 31)
(8, 32)
(8, 33)
(8, 34)
(8, 35)
(8, 36)
(8, 37)
(8, 38)
(8, 39)
(8, 40)
(8, 41)
(8, 42)
(8, 43)
(8, 44)
(8, 45)
(8, 46)
(8, 47)
(8, 48)
(8, 49)
(8, 50)
(8, 51)
(8, 52)
(8, 53)
(8, 54)
(8, 55)
(8, 56)
(8, 57)
(8, 58)
(8, 59)
(8, 60)
(8, 61)
(8, 62)
(8, 63)
(8, 64)
(8, 65)
(8, 66)
(8, 67)
(8, 68)
(8, 69)
(8, 70)
(8, 71)
(8, 72)
(8, 73)
(8, 74)
(8, 75)
(8, 76)
(8, 77)
(8, 78)
(8, 79)
(8, 80)
(8, 81)
(8, 82)
(8, 83)
(8, 84)
(8, 85)
(8, 86)
(8, 87)
(8, 88)
(8, 89)
(8, 90)
(8, 91)
(8, 92)
(8, 93)
(8, 94)
(8, 95)
(8, 96)
(8, 97)
(8, 98)
(8, 99)
(80, 1)
(80, 100)
(80, 101)
(80, 102)
(80, 103)
(80, 104)
(80, 105)
(80, 106)
(80, 107)
(80, 108)
(80, 109)
(80, 110)
(80, 111)
(80, 112)
(80, 113)
(80, 114)
(80, 115)
(80, 116)
(80, 117)
(80, 118)
(80, 119)
(80, 120)
(80, 121)
(80, 122)
(80, 123)
(80, 124)
(80, 125)
(80, 13)
(80, 14)
(80, 17)
(80, 19)
(80, 28)
(80, 36)
(80, 41)
(80, 47)
(80, 49)
(80, 53)
(80, 55)
(80, 58)
(80, 61)
(80, 62)
(80, 64)
(80, 80)
(80, 81)
(80, 82)
(80, 85)
(80, 86)
(80, 87)
(80, 88)
(80, 89)
(80, 90)
(80, 91)
(80, 92)
(80, 93)
(80, 94)
(80, 95)
(80, 96)
(80, 97)
(80, 98)
(80, 99)
(81, 1)
(81, 103)
(81, 107)
(81, 108)
(81, 114)
(81, 116)
(81, 13)
(81, 14)
(81, 17)
(81, 19)
(81, 28)
(81, 36)
(81, 41)
(81, 47)
(81, 49)
(81, 53)
(81, 55)
(81, 58)
(81, 61)
(81, 62)
(81, 64)
(81, 80)
(81, 81)
(81, 82)
(81, 87)
(81, 91)
(81, 93)
(81, 95)
(81, 98)
(81, 99)
(82, 1)
(82, 100)
(82, 101)
(82, 102)
(82, 103)
(82, 107)
(82, 108)
(82, 114)
(82, 116)
(82, 13)
(82, 14)
(82, 17)
(82, 19)
(82, 28)
(82, 36)
(82, 41)
(82, 42)
(82, 43)
(82, 44)
(82, 45)
(82, 46)
(82, 47)
(82, 48)
(82, 49)
(82, 50)
(82, 51)
(82, 52)
(82, 53)
(82, 54)
(82, 55)
(82, 56)
(82, 57)
(82, 58)
(82, 59)
(82, 60)
(82, 61)
(82, 62)
(82, 63)
(82, 64)
(82, 65)
(82, 66)
(82, 67)
(82, 68)
(82, 69)
(82, 70)
(82, 71)
(82, 72)
(82, 73)
(82, 74)
(82, 75)
(82, 76)
(82, 77)
(82, 78)
(82, 79)
(82, 80)
(82, 81)
(82, 82)
(82, 83)
(82, 84)
(82, 85)
(82, 86)
(82, 87)
(82, 88)
(82, 89)
(82, 90)
(82, 91)
(82, 92)
(82, 93)
(82, 94)
(82, 95)
(82, 96)
(82, 97)
(82, 98)
(82, 99)
(83, 1)
(83, 107)
(83, 108)
(83, 114)
(83, 116)
(83, 13)
(83, 14)
(83, 17)
(83, 19)
(83, 28)
(83, 36)
(83, 47)
(83, 49)
(83, 53)
(83, 55)
(83, 58)
(83, 61)
(83, 62)
(83, 64)
(83, 80)
(83, 81)
(83, 82)
(83, 87)
(83, 91)
(83, 93)
(83, 95)
(83, 98)
(83, 99)
(84, 1)
(84, 107)
(84, 108)
(84, 114)
(84, 116)
(84, 13)
(84, 14)
(84, 17)
(84, 19)
(84, 28)
(84, 30)
(84, 31)
(84, 32)
(84, 33)
(84, 34)
(84, 35)
(84, 36)
(84, 37)
(84, 38)
(84, 39)
(84, 40)
(84, 41)
(84, 42)
(84, 43)
(84, 44)
(84, 45)
(84, 46)
(84, 47)
(84, 48)
(84, 49)
(84, 50)
(84, 51)
(84, 52)
(84, 53)
(84, 54)
(84, 55)
(84, 56)
(84, 57)
(84, 58)
(84, 59)
(84, 60)
(84, 61)
(84, 62)
(84, 63)
(84, 64)
(84, 65)
(84, 66)
(84, 67)
(84, 68)
(84, 69)
(84, 70)
(84, 71)
(84, 72)
(84, 73)
(84, 74)
(84, 75)
(84, 76)
(84, 77)
(84, 78)
(84, 79)
(84, 80)
(84, 81)
(84, 82)
(84, 83)
(84, 87)
(84, 91)
(84, 93)
(84, 95)
(84, 98)
(84, 99)
(85, 1)
(85, 100)
(85, 101)
(85, 102)
(85, 103)
(85, 104)
(85, 105)
(85, 106)
(85, 107)
(85, 108)
(85, 109)
(85, 110)
(85, 111)
(85, 112)
(85, 113)
(85, 114)
(85, 115)
(85, 116)
(85, 13)
(85, 14)
(85, 17)
(85, 19)
(85, 28)
(85, 30)
(85, 36)
(85, 47)
(85, 49)
(85, 53)
(85, 55)
(85, 58)
(85, 61)
(85, 62)
(85, 64)
(85, 80)
(85, 81)
(85, 82)
(85, 83)
(85, 87)
(85, 91)
(85, 93)
(85, 94)
(85, 95)
(85, 96)
(85, 97)
(85, 98)
(85, 99)
(86, 1)
(86, 107)
(86, 108)
(86, 114)
(86, 13)
(86, 14)
(86, 17)
(86, 19)
(86, 28)
(86, 30)
(86, 36)
(86, 47)
(86, 49)
(86, 53)
(86, 55)
(86, 58)
(86, 61)
(86, 62)
(86, 64)
(86, 80)
(86, 81)
(86, 82)
(86, 83)
(86, 87)
(86, 91)
(86, 95)
(86, 98)
(86, 99)
(87, 1)
(87, 107)
(87, 108)
(87, 114)
(87, 13)
(87, 14)
(87, 17)
(87, 19)
(87, 28)
(87, 30)
(87, 36)
(87, 47)
(87, 48)
(87, 49)
(87, 50)
(87, 51)
(87, 52)
(87, 53)
(87, 54)
(87, 55)
(87, 56)
(87, 57)
(87, 58)
(87, 59)
(87, 60)
(87, 61)
(87, 62)
(87, 63)
(87, 64)
(87, 65)
(87, 66)
(87, 67)
(87, 68)
(87, 69)
(87, 70)
(87, 71)
(87, 72)
(87, 73)
(87, 74)
(87, 75)
(87, 76)
(87, 77)
(87, 78)
(87, 79)
(87, 80)
(87, 81)
(87, 82)
(87, 83)
(87, 84)
(87, 85)
(87, 86)
(87, 87)
(87, 88)
(87, 89)
(87, 90)
(87, 91)
(87, 92)
(87, 93)
(87, 94)
(87, 95)
(87, 96)
(87, 97)
(87, 98)
(87, 99)
(88, 1)
(88, 107)
(88, 108)
(88, 114)
(88, 13)
(88, 14)
(88, 17)
(88, 19)
(88, 28)
(88, 30)
(88, 36)
(88, 49)
(88, 53)
(88, 55)
(88, 58)
(88, 61)
(88, 62)
(88, 64)
(88, 80)
(88, 81)
(88, 82)
(88, 83)
(88, 87)
(88, 91)
(88, 95)
(88, 99)
(89, 1)
(89, 107)
(89, 108)
(89, 114)
(89, 13)
(89, 14)
(89, 17)
(89, 19)
(89, 28)
(89, 30)
(89, 36)
(89, 44)
(89, 45)
(89, 46)
(89, 47)
(89, 48)
(89, 49)
(89, 50)
(89, 51)
(89, 53)
(89, 55)
(89, 56)
(89, 57)
(89, 58)
(89, 59)
(89, 60)
(89, 61)
(89, 62)
(89, 63)
(89, 64)
(89, 65)
(89, 66)
(89, 67)
(89, 68)
(89, 69)
(89, 70)
(89, 71)
(89, 72)
(89, 73)
(89, 74)
(89, 75)
(89, 76)
(89, 77)
(89, 78)
(89, 79)
(89, 80)
(89, 81)
(89, 82)
(89, 83)
(89, 87)
(89, 91)
(89, 95)
(89, 99)
(9, 110)
(9, 112)
(9, 22)
(9, 76)
(90, 1)
(90, 107)
(90, 108)
(90, 114)
(90, 13)
(90, 14)
(90, 17)
(90, 19)
(90, 28)
(90, 30)
(90, 36)
(90, 44)
(90, 49)
(90, 51)
(90, 53)
(90, 58)
(90, 61)
(90, 62)
(90, 64)
(90, 80)
(90, 81)
(90, 82)
(90, 87)
(90, 91)
(90, 95)
(90, 99)
(91, 1)
(91, 107)
(91, 108)
(91, 114)
(91, 13)
(91, 14)
(91, 17)
(91, 18)
(91, 19)
(91, 20)
(91, 21)
(91, 22)
(91, 23)
(91, 24)
(91, 25)
(91, 26)
(91, 27)
(91, 28)
(91, 29)
(91, 30)
(91, 31)
(91, 32)
(91, 33)
(91, 34)
(91, 35)
(91, 36)
(91, 37)
(91, 38)
(91, 39)
(91, 40)
(91, 41)
(91, 42)
(91, 43)
(91, 44)
(91, 45)
(91, 46)
(91, 47)
(91, 48)
(91, 49)
(91, 50)
(91, 51)
(91, 52)
(91, 53)
(91, 54)
(91, 55)
(91, 56)
(91, 57)
(91, 58)
(91, 59)
(91, 60)
(91, 61)
(91, 62)
(91, 63)
(91, 64)
(91, 65)
(91, 66)
(91, 67)
(91, 68)
(91, 69)
(91, 70)
(91, 71)
(91, 72)
(91, 73)
(91, 74)
(91, 75)
(91, 76)
(91, 77)
(91, 78)
(91, 79)
(91, 80)
(91, 81)
(91, 82)
(91, 87)
(91, 91)
(91, 95)
(91, 99)
(92, 1)
(92, 107)
(92, 108)
(92, 114)
(92, 13)
(92, 14)
(92, 19)
(92, 28)
(92, 30)
(92, 36)
(92, 44)
(92, 49)
(92, 51)
(92, 53)
(92, 58)
(92, 61)
(92, 62)
(92, 64)
(92, 81)
(92, 82)
(92, 83)
(92, 84)
(92, 85)
(92, 86)
(92, 87)
(92, 88)
(92, 89)
(92, 90)
(92, 91)
(92, 95)
(92, 99)
(93, 1)
(93, 107)
(93, 108)
(93, 114)
(93, 13)
(93, 14)
(93, 19)
(93, 28)
(93, 30)
(93, 36)
(93, 44)
(93, 49)
(93, 51)
(93, 53)
(93, 58)
(93, 61)
(93, 62)
(93, 64)
(93, 82)
(93, 87)
(93, 95)
(93, 99)
(94, 1)
(94, 10)
(94, 107)
(94, 108)
(94, 114)
(94, 13)
(94, 14)
(94, 19)
(94, 28)
(94, 30)
(94, 31)
(94, 32)
(94, 33)
(94, 34)
(94, 35)
(94, 36)
(94, 37)
(94, 38)
(94, 39)
(94, 40)
(94, 41)
(94, 42)
(94, 43)
(94, 44)
(94, 45)
(94, 46)
(94, 47)
(94, 48)
(94, 49)
(94, 5)
(94, 50)
(94, 51)
(94, 52)
(94, 53)
(94, 54)
(94, 55)
(94, 56)
(94, 57)
(94, 58)
(94, 6)
(94, 61)
(94, 62)
(94, 64)
(94, 7)
(94, 8)
(94, 82)
(94, 87)
(94, 9)
(94, 95)
(94, 99)
(95, 1)
(95, 10)
(95, 107)
(95, 108)
(95, 114)
(95, 13)
(95, 14)
(95, 19)
(95, 28)
(95, 36)
(95, 44)
(95, 49)
(95, 5)
(95, 51)
(95, 53)
(95, 61)
(95, 62)
(95, 64)
(95, 82)
(95, 87)
(95, 95)
(95, 99)
(96, 1)
(96, 10)
(96, 107)
(96, 108)
(96, 114)
(96, 13)
(96, 14)
(96, 19)
(96, 28)
(96, 36)
(96, 44)
(96, 49)
(96, 5)
(96, 51)
(96, 53)
(96, 61)
(96, 62)
(96, 64)
(96, 82)
(96, 87)
(96, 95)
(96, 99)
(97, 1)
(97, 10)
(97, 100)
(97, 101)
(97, 102)
(97, 103)
(97, 104)
(97, 105)
(97, 106)
(97, 107)
(97, 108)
(97, 114)
(97, 13)
(97, 14)
(97, 19)
(97, 28)
(97, 36)
(97, 44)
(97, 49)
(97, 5)
(97, 51)
(97, 53)
(97, 61)
(97, 62)
(97, 64)
(97, 82)
(97, 83)
(97, 84)
(97, 85)
(97, 86)
(97, 87)
(97, 88)
(97, 89)
(97, 90)
(97, 91)
(97, 92)
(97, 93)
(97, 94)
(97, 95)
(97, 96)
(97, 97)
(97, 98)
(97, 99)
(98, 1)
(98, 10)
(98, 107)
(98, 114)
(98, 13)
(98, 14)
(98, 19)
(98, 28)
(98, 36)
(98, 44)
(98, 46)
(98, 47)
(98, 48)
(98, 49)
(98, 5)
(98, 50)
(98, 51)
(98, 52)
(98, 53)
(98, 54)
(98, 55)
(98, 56)
(98, 57)
(98, 58)
(98, 59)
(98, 60)
(98, 61)
(98, 62)
(98, 63)
(98, 64)
(98, 65)
(98, 66)
(98, 67)
(98, 68)
(98, 69)
(98, 70)
(98, 71)
(98, 72)
(98, 73)
(98, 74)
(98, 75)
(98, 76)
(98, 77)
(98, 78)
(98, 79)
(98, 80)
(98, 81)
(98, 82)
(98, 83)
(98, 84)
(98, 85)
(98, 86)
(98, 87)
(98, 88)
(98, 95)
(98, 99)
(99, 1)
(99, 10)
(99, 100)
(99, 101)
(99, 102)
(99, 103)
(99, 104)
(99, 105)
(99, 106)
(99, 107)
(99, 114)
(99, 13)
(99, 14)
(99, 15)
(99, 16)
(99, 17)
(99, 18)
(99, 19)
(99, 20)
(99, 21)
(99, 22)
(99, 23)
(99, 24)
(99, 25)
(99, 26)
(99, 27)
(99, 28)
(99, 29)
(99, 30)
(99, 31)
(99, 32)
(99, 33)
(99, 34)
(99, 35)
(99, 36)
(99, 37)
(99, 38)
(99, 39)
(99, 40)
(99, 41)
(99, 42)
(99, 43)
(99, 44)
(99, 45)
(99, 46)
(99, 47)
(99, 48)
(99, 49)
(99, 5)
(99, 51)
(99, 53)
(99, 61)
(99, 62)
(99, 63)
(99, 64)
(99, 65)
(99, 66)
(99, 67)
(99, 68)
(99, 69)
(99, 70)
(99, 71)
(99, 72)
(99, 73)
(99, 74)
(99, 75)
(99, 76)
(99, 77)
(99, 78)
(99, 79)
(99, 80)
(99, 81)
(99, 82)
(99, 83)
(99, 84)
(99, 85)
(99, 86)
(99, 87)
(99, 88)
(99, 89)
(99, 90)
(99, 91)
(99, 92)
(99, 93)
(99, 94)
(99, 95)
(99, 96)
(99, 97)
(99, 98)
(99, 99)
