48 -> [18, 42, 11, 53, 37, 26, 78, 85, 17, 72, 54, 94, 14, 59, 55, 97, 58, 33, 41, 51, 47, 75, 86, 69]
22 -> [59, 85, 47, 69, 97, 42, 26, 94, 17, 33, 53, 37, 75, 51, 54, 55, 72, 58, 11, 18, 48, 14, 78, 86]
27 -> [94, 26, 49, 46, 72, 48, 58, 14, 42, 75, 78, 62, 11, 22, 85, 55, 51, 21, 47, 53, 17, 69, 13, 33]
14 -> [65, 19, 59, 18, 79, 95, 99, 51, 94, 97, 24, 98, 42, 85, 54, 26, 41, 55, 37, 36, 32, 86, 89, 17]
58 -> [42, 86, 59, 78, 51, 14, 75, 47, 95, 41, 55, 72, 97, 54, 69, 53, 94, 18, 26, 17, 37, 11, 85, 33]
95 -> [44, 65, 35, 49, 36, 46, 27, 63, 98, 24, 89, 19, 87, 99, 68, 48, 62, 22, 32, 21, 13, 39, 79, 73]
46 -> [59, 37, 26, 86, 17, 62, 78, 47, 53, 33, 85, 58, 11, 51, 75, 42, 55, 69, 72, 94, 97, 48, 22, 14]
49 -> [22, 75, 94, 72, 55, 37, 78, 53, 86, 17, 69, 14, 42, 85, 47, 46, 62, 26, 58, 33, 97, 48, 51, 11]
55 -> [95, 98, 26, 79, 37, 54, 17, 32, 63, 44, 41, 36, 19, 89, 59, 87, 24, 99, 86, 39, 18, 65, 35, 97]
32 -> [46, 35, 58, 48, 21, 11, 72, 13, 87, 33, 73, 78, 63, 44, 62, 49, 53, 69, 47, 75, 22, 27, 68, 39]
41 -> [36, 95, 44, 98, 46, 32, 62, 19, 27, 99, 63, 79, 65, 35, 24, 89, 68, 21, 39, 22, 13, 49, 73, 87]
51 -> [65, 59, 63, 89, 26, 98, 97, 79, 39, 99, 17, 44, 41, 54, 95, 55, 18, 24, 36, 35, 19, 32, 86, 37]
53 -> [14, 54, 97, 94, 26, 51, 79, 59, 65, 18, 86, 55, 41, 24, 95, 19, 17, 99, 85, 36, 37, 98, 89, 42]
37 -> [24, 19, 97, 86, 68, 59, 18, 89, 95, 39, 27, 41, 65, 36, 32, 87, 98, 73, 35, 54, 99, 63, 44, 79]
79 -> [27, 32, 73, 87, 44, 72, 78, 69, 63, 75, 48, 11, 47, 22, 39, 49, 58, 33, 21, 62, 46, 13, 35, 68]
39 -> [75, 87, 53, 11, 27, 62, 14, 33, 94, 73, 85, 68, 78, 21, 42, 58, 69, 46, 13, 72, 48, 22, 47, 49]
13 -> [33, 78, 11, 17, 75, 14, 94, 72, 47, 22, 46, 69, 21, 85, 26, 48, 55, 51, 62, 58, 53, 37, 42, 49]
59 -> [27, 13, 79, 35, 18, 65, 24, 89, 19, 63, 54, 49, 36, 41, 95, 21, 44, 87, 99, 32, 73, 68, 98, 39]
65 -> [22, 98, 48, 44, 24, 89, 39, 87, 79, 46, 72, 73, 62, 68, 32, 21, 58, 13, 63, 49, 35, 99, 27, 36]
17 -> [19, 36, 37, 97, 68, 59, 95, 41, 79, 39, 54, 63, 65, 89, 99, 32, 86, 24, 18, 44, 87, 98, 35, 26]
85 -> [54, 59, 37, 32, 89, 55, 98, 97, 44, 19, 26, 95, 24, 99, 65, 86, 51, 94, 17, 41, 18, 79, 63, 36]
35 -> [69, 46, 48, 47, 39, 53, 14, 11, 13, 87, 72, 22, 33, 62, 75, 78, 42, 27, 58, 49, 21, 85, 73, 68]
26 -> [19, 44, 89, 63, 95, 87, 41, 86, 59, 73, 35, 79, 32, 39, 98, 24, 97, 99, 68, 18, 36, 37, 65, 54]
47 -> [98, 37, 17, 14, 94, 85, 59, 95, 41, 69, 86, 65, 42, 36, 51, 55, 97, 26, 54, 19, 24, 53, 99, 18]
75 -> [94, 42, 65, 17, 26, 53, 51, 98, 41, 55, 14, 95, 85, 97, 37, 69, 86, 18, 36, 54, 59, 78, 19, 47]
68 -> [55, 47, 48, 69, 46, 33, 58, 62, 11, 27, 78, 42, 53, 51, 94, 21, 22, 75, 73, 72, 85, 14, 13, 49]
36 -> [24, 63, 22, 58, 48, 39, 27, 99, 79, 35, 44, 87, 32, 46, 21, 68, 33, 49, 62, 13, 11, 73, 72, 89]
44 -> [53, 47, 14, 62, 87, 21, 75, 27, 73, 39, 35, 72, 49, 46, 33, 58, 11, 68, 63, 78, 22, 69, 48, 13]
87 -> [62, 22, 94, 42, 85, 58, 49, 73, 69, 75, 68, 47, 78, 33, 11, 14, 72, 51, 46, 48, 21, 53, 27, 13]
98 -> [58, 32, 73, 68, 48, 27, 87, 36, 13, 21, 22, 44, 24, 99, 62, 89, 33, 39, 63, 79, 46, 35, 49, 72]
54 -> [73, 68, 49, 35, 95, 32, 19, 39, 41, 89, 24, 13, 21, 79, 87, 63, 99, 44, 27, 62, 65, 46, 36, 98]
33 -> [17, 97, 37, 75, 65, 86, 55, 18, 26, 47, 19, 41, 53, 11, 95, 51, 54, 14, 94, 78, 85, 42, 59, 69]
19 -> [44, 65, 98, 13, 73, 68, 62, 63, 36, 35, 46, 24, 21, 22, 39, 27, 79, 89, 58, 99, 49, 32, 87, 48]
97 -> [24, 36, 27, 39, 99, 68, 63, 98, 65, 95, 89, 13, 54, 41, 79, 87, 44, 19, 32, 21, 35, 18, 59, 73]
86 -> [73, 39, 35, 68, 54, 99, 44, 32, 65, 13, 95, 36, 89, 18, 24, 59, 87, 63, 97, 79, 98, 19, 27, 41]
89 -> [78, 47, 22, 63, 58, 48, 49, 13, 21, 75, 33, 39, 35, 87, 72, 62, 32, 46, 79, 44, 68, 27, 73, 11]
78 -> [97, 24, 37, 85, 98, 42, 69, 51, 59, 86, 65, 41, 26, 19, 18, 95, 55, 53, 94, 14, 47, 36, 17, 54]
72 -> [14, 19, 11, 95, 54, 97, 55, 18, 17, 41, 37, 53, 26, 94, 51, 42, 86, 85, 33, 78, 59, 75, 47, 69]
42 -> [19, 18, 86, 94, 54, 65, 36, 79, 37, 85, 26, 59, 89, 44, 97, 55, 41, 51, 95, 17, 32, 99, 24, 98]
21 -> [86, 58, 46, 94, 14, 85, 47, 51, 55, 17, 62, 26, 48, 75, 22, 37, 53, 49, 11, 72, 33, 69, 78, 42]
63 -> [72, 46, 33, 42, 68, 62, 48, 75, 87, 47, 22, 13, 78, 58, 27, 39, 35, 69, 73, 49, 21, 53, 14, 11]
94 -> [65, 44, 17, 59, 97, 98, 32, 26, 18, 63, 24, 54, 95, 36, 19, 99, 55, 86, 89, 37, 35, 79, 41, 51]
73 -> [51, 49, 78, 13, 33, 21, 55, 53, 75, 14, 58, 27, 22, 11, 94, 42, 46, 17, 72, 48, 47, 69, 85, 62]
62 -> [26, 51, 53, 48, 58, 18, 85, 72, 17, 33, 37, 59, 47, 14, 86, 22, 78, 75, 42, 69, 97, 11, 94, 55]
69 -> [86, 98, 42, 65, 89, 94, 51, 26, 24, 55, 14, 18, 54, 17, 19, 53, 59, 41, 36, 95, 97, 37, 99, 85]
99 -> [62, 58, 22, 27, 44, 39, 11, 68, 87, 72, 48, 13, 35, 78, 21, 75, 32, 63, 49, 79, 73, 89, 33, 46]
18 -> [99, 46, 73, 87, 98, 68, 54, 36, 32, 65, 41, 95, 49, 24, 89, 35, 63, 13, 44, 39, 27, 19, 79, 21]
11 -> [53, 94, 18, 97, 75, 85, 47, 98, 69, 59, 37, 78, 41, 42, 51, 65, 95, 54, 17, 55, 26, 86, 19, 14]
24 -> [63, 75, 13, 89, 22, 72, 99, 21, 68, 46, 27, 35, 39, 49, 62, 87, 33, 11, 58, 32, 73, 79, 48, 44]
level 0 from 48 to 22
level 1 from 18 to 22
level 2 from 99 to 22
level 3 from 62 to 22
level 4 from 26 to 22
level 5 from 19 to 22
level 6 from 44 to 22
level 7 from 53 to 22
level 8 from 14 to 22
level 9 from 65 to 22
level 10 from 22 to 22
true
[93mDay 5 Part 1: [96m0[0m (61ms)

BUILD SUCCESSFUL in 1s
3 actionable tasks: 1 executed, 2 up-to-date
